2, 4, 0.446526
2, 4, 0.144227
2, 2, 0.168219
3, 3, 0.120631
4, 4, 0.127844
5, 5, 0.065002
6, 6, 0.068150
7, 7, 0.109286
8, 8, 0.158810
9, 9, 0.164539
10, 10, 0.176654
11, 11, 0.157854
12, 12, 0.147653
13, 13, 0.146864
14, 14, 0.186840
15, 15, 0.173147
16, 16, 0.185641
17, 17, 0.212804
18, 18, 0.209514
19, 19, 0.217617
20, 20, 0.266124
21, 21, 0.235147
22, 22, 0.290050
23, 23, 0.314841
24, 24, 0.278000
25, 25, 0.289373
26, 26, 0.418590
27, 27, 0.355597
28, 28, 0.503266
29, 29, 0.519444
30, 30, 0.541093
31, 31, 0.415593
32, 32, 0.527966
33, 33, 0.500774
34, 34, 0.549366
35, 35, 0.523742
36, 36, 0.562437
37, 37, 0.566015
38, 38, 0.451331
39, 39, 0.432164
40, 40, 0.421865
41, 41, 0.431184
42, 42, 0.454904
43, 43, 0.450805
44, 44, 0.487804
45, 45, 0.684477
46, 46, 0.699645
47, 45, 0.735492
48, 45, 0.894499
49, 38, 0.968935
50, 38, 0.808423
51, 39, 0.625621
52, 40, 0.616850
53, 41, 0.443717
54, 42, 0.451154
55, 43, 0.462927
56, 44, 0.473058
57, 45, 0.478352
58, 46, 0.496924
59, 47, 0.506957
60, 48, 0.526424
61, 49, 0.514257
2, 2, 0.618374
3, 3, 0.285784
4, 4, 0.231471
5, 5, 0.106380
6, 6, 0.141427
7, 7, 0.100898
8, 8, 0.116083
9, 9, 0.126213
10, 10, 0.148924
11, 11, 0.160827
12, 12, 0.166631
13, 13, 0.186643
14, 14, 0.190567
15, 15, 0.192455
16, 16, 0.218589
17, 17, 0.204394
18, 18, 0.204971
19, 19, 0.211474
20, 20, 0.276281
21, 21, 0.251155
22, 22, 0.258125
23, 23, 0.258836
24, 24, 0.346142
25, 25, 0.290199
26, 26, 0.967980
27, 27, 0.436056
28, 28, 0.413200
29, 29, 0.397263
30, 30, 0.362344
31, 31, 0.371357
32, 32, 0.507212
33, 33, 0.525436
34, 34, 0.375062
35, 35, 0.393782
36, 36, 0.384833
37, 37, 0.397021
38, 38, 0.425160
39, 39, 0.431984
40, 28, 0.390774
41, 4, 0.226101
42, 4, 0.059619
43, 5, 0.060189
44, 6, 0.073249
45, 7, 0.082445
46, 8, 0.092556
47, 9, 0.100414
48, 10, 0.116693
49, 11, 0.126034
50, 12, 0.137597
51, 13, 0.145487
52, 14, 0.151690
53, 15, 0.172676
54, 16, 0.175649
55, 17, 0.196648
56, 18, 0.218737
57, 19, 0.212416
58, 20, 0.311559
59, 21, 0.331690
60, 22, 0.355927
61, 23, 0.356860
62, 24, 0.293626
63, 25, 0.281132
64, 26, 0.300067
65, 27, 0.293373
66, 28, 0.301198
67, 29, 0.310952
68, 30, 0.319710
69, 31, 0.332898
70, 32, 0.340621
71, 33, 0.414576
72, 34, 0.426047
73, 35, 0.417115
74, 36, 0.387485
75, 37, 0.543191
76, 38, 0.414831
77, 39, 0.420277
78, 40, 0.514943
79, 41, 0.445000
80, 42, 0.451415
81, 42, 0.459785
82, 43, 0.462323
83, 44, 0.468959
84, 45, 0.483745
85, 46, 0.491490
86, 47, 0.503090
87, 48, 0.516141
88, 49, 0.525530
2, 2, 0.063099
3, 3, 0.072520
4, 4, 0.061323
5, 5, 0.077956
6, 6, 0.148860
7, 7, 0.136205
8, 8, 0.105852
9, 9, 0.199232
10, 10, 0.176925
11, 11, 0.167515
12, 12, 0.170491
13, 13, 0.225362
14, 14, 0.157125
15, 15, 0.161602
16, 16, 0.217150
17, 17, 0.224175
18, 18, 0.333971
19, 19, 0.341168
20, 20, 0.350537
21, 21, 0.282424
22, 22, 0.238459
23, 23, 0.249546
24, 24, 0.256220
25, 25, 0.266387
26, 26, 0.275629
27, 27, 0.287104
28, 28, 0.306506
29, 29, 0.302710
30, 30, 0.327239
31, 31, 0.341276
32, 32, 0.395014
33, 33, 0.398401
34, 34, 0.372543
35, 35, 0.371906
36, 36, 0.376412
37, 33, 0.377826
38, 27, 0.370657
39, 23, 0.281305
40, 22, 0.255040
41, 23, 0.260404
42, 22, 0.254351
43, 22, 0.242899
44, 23, 0.243543
45, 23, 0.250756
46, 24, 0.260606
47, 23, 0.261827
48, 23, 0.248701
49, 24, 0.259902
50, 25, 0.277119
51, 26, 0.297835
52, 27, 0.355812
53, 28, 0.394907
54, 29, 0.318717
55, 30, 0.323657
56, 31, 0.337473
57, 32, 0.360046
58, 33, 0.359280
59, 34, 0.366680
60, 35, 0.381443
61, 36, 0.390768
62, 37, 0.394736
63, 37, 0.398244
64, 38, 0.404285
65, 39, 0.415173
66, 40, 0.431095
67, 40, 0.427482
68, 41, 0.446864
69, 42, 0.454166
70, 43, 0.452065
71, 44, 0.659151
72, 44, 0.774055
73, 44, 0.601594
74, 45, 0.482552
75, 46, 0.483924
76, 46, 0.495855
77, 46, 0.652651
78, 47, 0.502482
79, 47, 0.616464
80, 48, 0.527047
81, 49, 0.530893
82, 49, 0.525166
2, 2, 0.046867
3, 3, 0.108497
4, 4, 0.150526
5, 5, 0.132812
6, 6, 0.094643
7, 7, 0.086230
8, 8, 0.096065
9, 9, 0.108944
10, 10, 0.127504
11, 11, 0.135973
12, 12, 0.136315
13, 13, 0.141976
14, 14, 0.154986
15, 15, 0.176372
16, 16, 0.176528
17, 17, 0.187867
18, 18, 0.200344
19, 19, 0.207245
20, 20, 0.216246
21, 21, 0.221238
22, 22, 0.244091
23, 23, 0.245551
24, 24, 0.259473
25, 25, 0.269021
26, 26, 0.287678
27, 27, 0.373341
28, 28, 0.386367
29, 27, 0.378957
30, 27, 0.312138
31, 27, 0.441100
32, 26, 0.326272
33, 21, 0.328138
34, 22, 0.289479
35, 22, 0.363338
36, 21, 0.354432
37, 22, 0.270859
38, 22, 0.370109
39, 23, 0.420307
40, 24, 0.502004
41, 25, 0.281026
42, 26, 0.296336
43, 27, 0.296766
44, 28, 0.310702
45, 29, 0.322017
46, 29, 0.321311
47, 29, 0.324436
48, 28, 0.314864
49, 29, 0.318219
50, 30, 0.319621
51, 31, 0.343240
52, 32, 0.359898
53, 33, 0.412691
54, 34, 0.363611
55, 35, 0.375237
56, 36, 0.384005
57, 37, 0.396536
58, 38, 0.413657
59, 39, 0.421250
60, 40, 0.429143
61, 41, 0.426630
62, 42, 0.445361
63, 43, 0.457508
64, 44, 0.466476
65, 45, 0.471026
66, 46, 0.497257
67, 47, 0.514155
68, 48, 0.513130
69, 49, 0.527125
2, 2, 9.940195
3, 3, 6.961583
4, 4, 19.974584
5, 5, 0.093499
6, 6, 0.112219
7, 7, 0.170313
8, 8, 0.191513
9, 9, 0.208574
10, 10, 0.178850
11, 11, 0.163396
12, 12, 0.167853
13, 13, 0.180270
14, 14, 0.241389
15, 15, 0.218393
16, 16, 0.227228
17, 17, 0.518033
18, 18, 0.393514
19, 19, 0.326493
20, 20, 0.373353
21, 21, 0.393286
22, 22, 0.324817
23, 23, 0.449216
24, 24, 0.487184
25, 25, 0.517218
26, 26, 0.698684
27, 27, 0.393684
28, 28, 0.383159
29, 29, 0.380337
30, 30, 0.415116
31, 31, 0.458065
32, 32, 0.614606
33, 33, 0.620246
34, 34, 0.770154
35, 35, 0.696595
36, 36, 0.826862
37, 37, 1.028629
38, 37, 0.525389
39, 37, 0.544429
40, 37, 0.634688
41, 37, 0.521431
42, 37, 0.482392
43, 30, 0.450696
44, 26, 0.365800
45, 24, 0.329068
46, 23, 0.320102
47, 22, 0.395721
48, 20, 0.400082
49, 21, 0.390419
50, 22, 0.407383
51, 22, 0.583832
52, 21, 0.434008
53, 21, 0.400189
54, 22, 0.581100
55, 23, 0.549503
56, 22, 0.430778
57, 22, 0.430207
58, 23, 0.447241
59, 24, 0.437784
60, 24, 0.350096
61, 23, 0.303671
62, 24, 0.306809
63, 25, 0.321192
64, 24, 0.312326
65, 25, 0.316713
66, 26, 0.322600
67, 27, 0.336104
68, 28, 0.349562
69, 29, 0.374469
70, 28, 0.377766
71, 29, 0.378915
72, 30, 0.382455
73, 31, 0.390318
74, 32, 0.394353
75, 33, 0.418814
76, 33, 0.420408
77, 34, 0.432083
78, 35, 0.436319
79, 36, 0.452548
80, 37, 0.468164
81, 37, 0.467665
82, 38, 0.483458
83, 39, 0.500212
84, 40, 0.506980
85, 41, 0.525761
86, 42, 0.528895
87, 43, 0.557924
88, 44, 0.568737
89, 45, 0.582525
90, 46, 0.602469
91, 47, 0.622269
92, 48, 0.617016
93, 49, 0.638408
2, 2, 0.089608
3, 3, 0.177347
4, 4, 0.227474
5, 5, 0.094104
6, 6, 0.099950
7, 7, 0.101528
8, 8, 0.112632
9, 9, 0.123512
10, 10, 0.136142
11, 11, 0.157357
12, 12, 0.168706
13, 13, 0.187511
14, 14, 0.294935
15, 15, 0.224819
16, 16, 0.311338
17, 17, 0.237051
18, 18, 0.259753
19, 19, 0.260608
20, 20, 0.277932
21, 21, 0.275658
22, 22, 0.296692
23, 23, 0.315670
24, 24, 0.310397
25, 25, 0.327186
26, 26, 0.365160
27, 27, 0.355146
28, 28, 0.358402
29, 29, 0.372448
30, 30, 0.384725
31, 31, 0.408968
32, 32, 0.581820
33, 33, 0.617049
34, 34, 0.582344
35, 35, 0.449409
36, 36, 0.539338
37, 37, 0.513344
38, 38, 0.512402
39, 39, 0.500542
40, 40, 0.509189
41, 40, 0.552259
42, 32, 0.496630
43, 20, 0.387496
44, 19, 0.254801
45, 18, 0.249107
46, 17, 0.233406
47, 17, 0.236991
48, 15, 0.221495
49, 14, 0.314493
50, 15, 0.298485
51, 15, 0.293793
52, 16, 0.322861
53, 16, 0.238995
54, 16, 0.220638
55, 17, 0.230864
56, 18, 0.241645
57, 18, 0.243633
58, 19, 0.249569
59, 19, 0.249858
60, 19, 0.251669
61, 20, 0.268446
62, 21, 0.276605
63, 22, 0.293723
64, 22, 0.297712
65, 22, 0.287116
66, 23, 0.289781
67, 24, 0.306197
68, 25, 0.319086
69, 26, 0.339076
70, 26, 0.331375
71, 27, 0.342118
72, 28, 0.349925
73, 29, 0.367641
74, 30, 0.379384
75, 31, 0.391192
76, 32, 0.409437
77, 33, 0.426831
78, 34, 0.430748
79, 35, 0.515897
80, 36, 0.588015
81, 37, 0.805813
82, 38, 0.617220
83, 39, 0.819805
84, 40, 0.799007
85, 40, 0.676080
86, 41, 0.578312
87, 41, 0.560156
88, 42, 0.754413
89, 43, 0.768284
90, 44, 0.893806
91, 44, 0.581893
92, 44, 0.578818
93, 44, 0.594122
94, 45, 0.849661
95, 46, 0.917768
96, 47, 0.682417
97, 48, 0.639037
98, 49, 0.666009
99, 11, 1.530650
100, 12, 0.184994
101, 13, 0.181325
102, 13, 0.204010
103, 14, 0.250712
104, 15, 0.230205
105, 15, 0.212048
106, 16, 0.229629
107, 17, 0.224714
108, 18, 0.234210
109, 19, 0.242833
110, 20, 0.279388
111, 21, 0.270395
112, 22, 0.297656
113, 23, 0.319337
114, 24, 0.310796
115, 25, 0.326691
116, 26, 0.338816
117, 27, 0.362362
118, 27, 0.353784
119, 28, 0.361334
120, 29, 0.378439
121, 30, 0.387382
122, 31, 0.390744
123, 32, 0.505308
124, 33, 0.420627
125, 34, 0.428452
126, 35, 0.453793
127, 36, 0.605697
128, 37, 0.655814
129, 38, 0.651217
130, 39, 0.754238
131, 40, 0.718068
132, 40, 0.556909
133, 40, 0.619621
134, 41, 0.817322
135, 42, 0.650352
136, 43, 0.924193
137, 44, 0.778881
138, 45, 0.869412
139, 46, 0.597799
140, 46, 0.596892
141, 47, 0.596653
142, 48, 0.620800
143, 49, 0.630294
144, 49, 0.625634
145, 11, 1.147034
146, 12, 0.158248
147, 13, 0.173218
148, 13, 0.180111
149, 14, 0.187092
150, 15, 0.196368
151, 16, 0.205229
152, 17, 0.226967
153, 18, 0.239339
154, 18, 0.249511
155, 19, 0.256676
156, 20, 0.262217
157, 20, 0.274415
158, 21, 0.285460
159, 22, 0.287816
160, 22, 0.305812
161, 23, 0.304127
162, 24, 0.318914
163, 24, 0.330538
164, 25, 0.332004
165, 26, 0.343568
166, 27, 0.354265
167, 27, 0.436750
168, 28, 0.491960
169, 29, 0.557607
170, 30, 0.589281
171, 31, 0.511510
172, 32, 0.625848
173, 33, 0.471828
174, 34, 0.446475
175, 34, 0.457897
176, 35, 0.458107
177, 35, 0.501277
178, 36, 0.473169
179, 37, 0.490812
180, 36, 0.490003
181, 37, 0.480859
182, 38, 0.495551
183, 39, 0.523555
184, 40, 0.687271
185, 41, 0.549664
186, 42, 0.578229
187, 43, 0.648296
188, 44, 0.645128
189, 45, 0.972882
190, 46, 0.783090
191, 47, 0.648039
192, 48, 0.626502
193, 49, 0.647806
194, 11, 1.408080
195, 12, 0.163493
196, 13, 0.176360
197, 14, 0.192023
198, 15, 0.197603
199, 16, 0.218912
200, 17, 0.235626
201, 18, 0.250453
202, 19, 0.275922
203, 20, 0.266866
204, 21, 0.276919
205, 22, 0.286927
206, 23, 0.301006
207, 24, 0.311754
208, 25, 0.319396
209, 26, 0.340660
210, 27, 0.359023
211, 28, 0.364046
212, 29, 0.382383
213, 30, 0.382351
214, 31, 0.396889
215, 32, 0.413084
216, 33, 0.421957
217, 34, 0.466652
218, 35, 0.454180
219, 36, 0.463764
220, 37, 0.482355
221, 38, 0.499659
222, 38, 0.497494
223, 39, 0.499509
224, 40, 0.528168
225, 41, 0.543018
226, 42, 0.540849
227, 43, 0.572113
228, 44, 0.585001
229, 45, 0.606978
230, 46, 0.635304
231, 47, 0.627282
232, 48, 0.655667
233, 49, 0.670363
234, 11, 1.168484
235, 12, 0.198016
236, 13, 0.188389
237, 14, 0.188420
238, 15, 0.203448
239, 16, 0.209376
240, 17, 0.227047
241, 18, 0.242840
242, 19, 0.249192
243, 20, 0.263829
244, 21, 0.283770
245, 22, 0.336985
246, 23, 0.494783
247, 24, 0.313883
248, 25, 0.349176
249, 26, 0.374208
250, 27, 0.400401
251, 28, 0.432319
252, 29, 0.441064
253, 30, 0.420087
254, 31, 0.426152
255, 32, 0.424859
256, 33, 0.530611
257, 34, 0.604424
258, 35, 0.709109
259, 36, 0.946499
260, 37, 0.601663
261, 38, 0.706474
262, 39, 0.533199
263, 40, 0.524429
264, 41, 0.539666
265, 42, 0.556552
266, 43, 0.557505
267, 44, 0.585128
268, 45, 0.585783
269, 46, 0.664808
270, 47, 0.741234
271, 48, 0.699083
272, 49, 0.650312
273, 11, 1.549195
274, 12, 0.187963
275, 13, 0.191359
276, 14, 0.188874
277, 15, 0.204749
278, 16, 0.234810
279, 17, 0.228460
280, 18, 0.241327
281, 19, 0.269512
282, 20, 0.280756
283, 21, 0.294597
284, 22, 0.294089
285, 23, 0.303473
286, 24, 0.331936
287, 25, 0.332405
288, 26, 0.339223
289, 27, 0.379087
290, 28, 0.396167
291, 29, 0.375678
292, 30, 0.389874
293, 31, 0.400114
294, 32, 0.430220
295, 33, 0.431379
296, 34, 0.445831
297, 35, 0.471979
298, 36, 0.499755
299, 37, 0.483631
300, 38, 0.494112
301, 39, 0.505204
302, 40, 0.537855
303, 41, 0.543790
304, 42, 0.579225
305, 43, 0.604381
306, 44, 0.767416
307, 45, 0.776976
308, 46, 0.832213
309, 47, 1.016081
310, 48, 0.872090
311, 49, 1.207762
312, 11, 1.575778
313, 12, 0.191447
314, 13, 0.192452
315, 14, 0.239462
316, 15, 0.256351
317, 16, 0.259847
318, 17, 0.296649
319, 18, 0.233609
320, 19, 0.261383
321, 20, 0.265051
322, 21, 0.275516
323, 22, 0.297699
324, 23, 0.309698
325, 24, 0.325247
326, 25, 0.340934
327, 26, 0.341986
328, 27, 0.364183
329, 28, 0.379948
330, 29, 0.386802
331, 30, 0.393258
332, 31, 0.428518
333, 32, 0.436985
334, 33, 0.446301
335, 34, 0.484440
336, 35, 0.457900
337, 36, 0.470154
338, 37, 0.487817
339, 38, 0.515015
340, 39, 0.527801
341, 40, 0.529561
342, 41, 0.547895
343, 42, 0.577174
344, 43, 0.563092
345, 44, 0.575459
346, 45, 0.588161
347, 46, 0.622750
348, 47, 0.609879
349, 48, 0.634110
350, 48, 0.664448
351, 49, 0.738038
352, 11, 1.195956
353, 12, 0.177602
354, 13, 0.185418
355, 14, 0.191859
356, 15, 0.209706
357, 16, 0.222179
358, 17, 0.227395
359, 18, 0.244093
360, 19, 0.250922
361, 20, 0.260122
362, 21, 0.275346
363, 22, 0.292807
364, 23, 0.308120
365, 24, 0.321605
366, 25, 0.332001
367, 26, 0.341653
368, 27, 0.358618
369, 27, 0.364172
370, 28, 0.374735
371, 29, 0.377362
372, 30, 0.402785
373, 31, 0.418924
374, 32, 0.428453
375, 33, 0.473843
376, 34, 0.450632
377, 35, 0.458414
378, 36, 0.488676
379, 37, 0.497677
380, 38, 0.497271
381, 38, 0.504736
382, 39, 0.563485
383, 40, 0.549149
384, 41, 0.538915
385, 42, 0.562661
386, 43, 0.604171
387, 44, 0.584975
388, 44, 0.581544
389, 45, 0.590880
390, 46, 0.621642
391, 47, 0.623883
392, 48, 0.643575
393, 49, 0.666851
394, 11, 1.171915
395, 12, 0.174934
396, 13, 0.178074
397, 14, 0.192018
398, 15, 0.210997
399, 16, 0.224377
400, 17, 0.232876
401, 18, 0.251249
402, 19, 0.263817
403, 20, 0.274970
404, 21, 0.284694
405, 22, 0.301352
406, 23, 0.417676
407, 23, 0.390608
408, 24, 0.325579
409, 25, 0.334487
410, 26, 0.357879
411, 27, 0.362497
412, 28, 0.376057
413, 29, 0.387706
414, 30, 0.402806
415, 31, 0.417934
416, 32, 0.445484
417, 33, 0.450277
418, 34, 0.480617
419, 35, 0.505891
420, 36, 0.489504
421, 37, 0.513481
422, 38, 0.528753
423, 39, 0.538358
424, 40, 0.546095
425, 41, 0.569393
426, 42, 0.579237
427, 43, 0.598235
428, 44, 0.619399
429, 45, 0.597111
430, 46, 0.618594
431, 47, 0.656337
432, 48, 0.652281
433, 49, 0.657124
434, 11, 1.133468
435, 12, 0.165984
436, 13, 0.182388
437, 14, 0.194384
438, 15, 0.201789
439, 16, 0.222961
440, 17, 0.246265
441, 18, 0.251181
442, 19, 0.260907
443, 20, 0.264915
444, 21, 0.284436
445, 22, 0.301166
446, 23, 0.311088
447, 24, 0.324559
448, 25, 0.344390
449, 25, 0.343161
450, 26, 0.353879
451, 27, 0.364291
452, 28, 0.374530
453, 29, 0.583660
454, 30, 0.401234
455, 31, 0.413487
456, 32, 0.433166
457, 33, 0.445427
458, 34, 0.448761
459, 35, 0.474598
460, 36, 0.504604
461, 37, 0.494958
462, 38, 0.508074
463, 38, 0.515150
464, 39, 0.562317
465, 40, 0.620056
466, 41, 0.557638
467, 42, 0.589317
468, 43, 0.593974
469, 44, 0.622926
470, 45, 0.608149
471, 46, 0.625984
472, 47, 0.637756
473, 48, 0.652730
474, 49, 0.665711
475, 11, 1.168198
476, 12, 0.271299
477, 13, 0.290897
478, 14, 0.264160
479, 15, 0.310941
480, 16, 0.276333
481, 17, 0.247125
482, 18, 0.293316
483, 19, 0.264848
484, 20, 0.273983
485, 21, 0.292097
486, 22, 0.309605
487, 23, 0.324969
488, 24, 0.340627
489, 25, 0.359710
490, 26, 0.361252
491, 27, 0.378233
492, 28, 0.383064
493, 29, 0.395385
494, 30, 0.410095
495, 31, 0.527030
496, 32, 0.468013
497, 33, 0.442277
498, 34, 0.467742
499, 35, 0.573757
500, 35, 0.500231
2, 2, 0.720991
3, 3, 0.330885
4, 4, 0.272028
5, 5, 0.218668
6, 6, 0.153489
7, 7, 0.124647
8, 8, 0.167878
9, 9, 0.223407
10, 10, 0.171061
11, 11, 0.237569
12, 12, 0.393885
13, 13, 0.214672
14, 14, 0.300104
15, 15, 0.244344
16, 16, 0.241926
17, 17, 0.333737
18, 18, 0.322174
19, 19, 0.376693
20, 20, 0.337453
21, 21, 0.324786
22, 22, 0.374385
23, 23, 0.533631
24, 24, 0.434475
25, 25, 0.352059
26, 26, 0.969745
27, 27, 0.774499
28, 28, 0.477626
29, 29, 0.450401
30, 30, 0.475290
31, 31, 0.635214
32, 32, 1.346224
33, 32, 1.485245
34, 30, 1.169706
35, 31, 0.795658
36, 23, 0.676970
37, 22, 0.622295
38, 18, 0.702451
39, 13, 0.265064
40, 12, 0.190424
41, 13, 0.262092
42, 13, 0.249697
43, 14, 0.575668
44, 14, 233.821362
45, 15, 18.906842
46, 16, 0.769645
47, 16, 0.803139
48, 16, 0.908605
49, 16, 0.765099
50, 17, 0.821951
51, 18, 20.146185
52, 18, 0.380628
53, 18, 0.442748
54, 18, 0.378988
55, 19, 0.261510
56, 20, 0.280193
57, 21, 0.374551
58, 22, 0.457398
59, 23, 0.452168
60, 24, 0.477662
61, 25, 0.472312
62, 26, 0.499931
63, 27, 0.508978
64, 28, 0.551612
65, 29, 0.560653
66, 30, 0.665524
67, 31, 0.753741
68, 32, 0.651294
69, 33, 1.547329
70, 34, 0.809540
71, 35, 0.921501
72, 36, 0.695567
73, 37, 0.588283
74, 38, 0.537413
75, 39, 0.495710
76, 40, 0.526026
77, 41, 0.611074
78, 42, 0.872491
79, 43, 0.711442
80, 44, 0.897695
81, 45, 0.854099
82, 46, 0.814105
83, 47, 0.666541
84, 48, 0.613194
85, 49, 0.611508
2, 2, 7.553850
3, 3, 0.299576
4, 4, 0.244938
5, 5, 0.184738
6, 6, 0.169964
7, 7, 0.181174
8, 8, 0.198747
9, 9, 0.165507
10, 10, 0.192692
11, 11, 0.231091
12, 12, 0.249335
13, 13, 0.231914
14, 14, 0.424329
15, 15, 0.446384
16, 16, 0.354438
17, 17, 0.375098
18, 18, 0.452614
19, 19, 0.567343
20, 20, 0.409205
21, 21, 0.426508
22, 22, 0.650804
23, 23, 0.761826
24, 24, 0.421718
25, 25, 0.462606
26, 26, 0.723858
27, 27, 0.505537
28, 28, 0.492381
29, 29, 0.537878
30, 30, 0.563669
31, 31, 0.640892
32, 32, 0.964631
33, 33, 0.962259
34, 34, 1.328528
35, 35, 1.037055
36, 36, 1.020149
37, 37, 0.725835
38, 38, 0.672774
39, 39, 0.694369
40, 40, 0.717360
41, 41, 0.723275
42, 42, 0.734515
43, 43, 0.764593
44, 44, 0.751574
45, 45, 1.173185
46, 38, 1.027975
47, 37, 0.948981
48, 38, 0.902168
49, 37, 1.077205
50, 37, 1.114562
51, 34, 0.706855
52, 34, 0.473854
53, 35, 0.483891
54, 36, 0.493484
55, 37, 0.512371
56, 38, 0.712635
57, 39, 0.557634
58, 40, 0.561035
59, 41, 0.562978
60, 42, 0.574668
61, 43, 0.624267
62, 44, 0.616623
63, 45, 0.654855
64, 46, 0.643370
65, 47, 0.671939
66, 48, 0.680012
67, 49, 0.731066
2, 2, 0.353414
3, 3, 0.078189
4, 4, 0.103335
5, 5, 0.109396
6, 6, 0.158692
7, 7, 0.153275
8, 8, 0.120820
9, 9, 0.152232
10, 10, 0.164049
11, 11, 0.164159
12, 12, 0.271321
13, 13, 0.330059
14, 14, 0.362847
15, 15, 0.233414
16, 16, 0.241426
17, 17, 0.329425
18, 18, 0.340337
19, 19, 0.355184
20, 20, 0.359899
21, 21, 0.321453
22, 22, 0.394835
23, 23, 0.538457
24, 24, 0.417863
25, 25, 0.376280
26, 26, 0.561154
27, 27, 0.451390
28, 28, 0.400632
29, 29, 0.413206
30, 30, 0.433145
31, 31, 0.517901
32, 32, 0.749883
33, 33, 1.071228
34, 34, 0.825008
35, 35, 0.818033
36, 36, 0.831362
37, 37, 0.812727
38, 36, 0.514056
39, 27, 0.472771
40, 20, 0.337020
41, 16, 0.263847
42, 14, 0.221863
43, 11, 0.190416
44, 11, 0.169006
45, 9, 0.149750
46, 10, 0.151189
47, 11, 0.155393
48, 12, 0.168892
49, 12, 0.170485
50, 13, 0.177925
51, 14, 0.196842
52, 15, 0.215040
53, 16, 0.238074
54, 17, 0.248020
55, 18, 0.263914
56, 19, 0.432394
57, 20, 0.454889
58, 21, 0.483600
59, 22, 0.502014
60, 23, 0.515794
61, 24, 0.535645
62, 25, 0.538363
63, 26, 0.578226
64, 27, 0.594689
65, 28, 0.617905
66, 29, 0.638409
67, 30, 0.612446
68, 31, 0.426707
69, 32, 0.458734
70, 33, 0.440780
71, 34, 0.470179
72, 35, 0.473689
73, 36, 0.476574
74, 37, 0.479473
75, 38, 0.501817
76, 39, 0.519442
77, 40, 0.534633
78, 41, 0.564795
79, 42, 0.578744
80, 43, 0.583462
81, 44, 0.604774
82, 45, 0.622607
83, 46, 0.649825
84, 47, 0.659071
85, 48, 0.648491
86, 49, 0.687283
2, 2, 0.077118
3, 3, 0.406995
4, 4, 0.313842
5, 5, 0.244723
6, 6, 0.171710
7, 7, 0.114397
8, 8, 0.112421
9, 9, 0.151312
10, 10, 0.181920
11, 11, 0.181219
12, 12, 0.185739
13, 13, 0.192020
14, 14, 0.210634
15, 15, 0.202117
16, 16, 0.226911
17, 17, 0.226806
18, 18, 0.237559
19, 19, 0.256580
20, 20, 0.292488
21, 21, 0.277043
22, 22, 0.295590
23, 23, 0.302105
24, 24, 0.320484
25, 25, 0.328612
26, 26, 0.502675
27, 27, 0.370993
28, 28, 0.383691
29, 29, 0.395360
30, 30, 0.401643
31, 31, 0.426307
32, 32, 0.481613
33, 33, 0.510176
34, 34, 0.474065
35, 35, 0.474485
36, 36, 0.486240
37, 37, 0.498041
38, 38, 0.582506
39, 39, 0.534723
40, 40, 0.579661
41, 41, 0.579679
42, 42, 0.568312
43, 43, 0.597374
44, 44, 0.622156
45, 45, 0.603726
46, 43, 0.683303
47, 36, 0.546626
48, 30, 0.457844
49, 24, 0.387971
50, 23, 0.337744
51, 15, 0.284162
52, 12, 0.195556
53, 10, 0.170568
54, 11, 0.159862
55, 12, 0.162966
56, 13, 0.179984
57, 14, 0.198401
58, 15, 0.211661
59, 16, 0.221766
60, 17, 0.241215
61, 18, 0.244246
62, 19, 0.265205
63, 20, 0.302829
64, 21, 0.288278
65, 22, 0.305599
66, 23, 0.314048
67, 24, 0.333540
68, 25, 0.348265
69, 26, 0.361760
70, 27, 0.366755
71, 28, 0.390101
72, 29, 0.402537
73, 30, 0.413021
74, 31, 0.429283
75, 32, 0.437631
76, 33, 0.446839
77, 34, 0.456265
78, 35, 0.463768
79, 35, 0.500735
80, 36, 0.555867
81, 37, 0.625289
82, 38, 0.538996
83, 38, 0.555324
84, 39, 0.549275
85, 40, 0.678486
86, 41, 0.575849
87, 42, 0.587406
88, 43, 0.594408
89, 43, 0.625476
90, 44, 0.607519
91, 45, 0.628241
92, 45, 0.641873
93, 46, 0.640214
94, 47, 0.660546
95, 47, 0.677106
96, 48, 0.667020
97, 47, 0.664068
98, 46, 0.664062
99, 46, 0.627512
100, 47, 0.641408
101, 48, 0.647779
102, 49, 0.669421
103, 48, 0.674115
104, 49, 0.671331
2, 2, 0.057127
3, 3, 0.092048
4, 4, 0.076425
5, 5, 0.210353
6, 6, 0.158827
7, 7, 0.117077
8, 8, 0.113318
9, 9, 0.125826
10, 10, 0.138160
11, 11, 0.159680
12, 12, 0.161861
13, 13, 0.178587
14, 14, 0.190361
15, 15, 0.208696
16, 16, 0.212297
17, 17, 0.227076
18, 18, 0.241710
19, 19, 0.264143
20, 20, 0.410600
21, 21, 0.282998
22, 22, 0.304146
23, 23, 0.337572
24, 24, 0.334614
25, 25, 0.338411
26, 26, 0.353920
27, 27, 0.374888
28, 28, 0.392517
29, 29, 0.395545
30, 30, 0.427755
31, 31, 0.425023
32, 32, 0.494124
33, 33, 0.524243
34, 34, 0.472396
35, 35, 0.488335
36, 36, 0.514500
37, 37, 0.520874
38, 38, 0.529935
39, 39, 0.554045
40, 40, 0.541739
41, 41, 0.559117
42, 41, 0.550148
43, 31, 0.524035
44, 19, 0.375284
45, 13, 0.232365
46, 9, 0.166444
47, 10, 0.141666
48, 11, 0.150728
49, 12, 0.170370
50, 13, 0.244946
51, 14, 0.199520
52, 15, 0.204981
53, 16, 0.243000
54, 16, 0.240490
55, 17, 0.389474
56, 18, 0.264682
57, 19, 0.270507
58, 20, 0.279555
59, 21, 0.338317
60, 22, 0.335658
61, 23, 0.316781
62, 24, 0.361405
63, 25, 0.467825
64, 26, 0.357858
65, 27, 0.365282
66, 28, 0.401296
67, 29, 0.400951
68, 30, 0.410352
69, 31, 0.434197
70, 32, 0.447243
71, 33, 0.451132
72, 34, 0.480506
73, 35, 0.486740
74, 36, 0.501960
75, 37, 0.515983
76, 38, 0.528289
77, 39, 0.530411
78, 40, 0.565167
79, 41, 0.634279
80, 42, 0.576718
81, 43, 0.596210
82, 44, 0.611870
83, 45, 0.630899
84, 46, 0.630012
85, 47, 0.650058
86, 48, 0.664122
87, 49, 0.727625
88, 11, 1.526345
89, 12, 0.230313
90, 13, 0.202646
91, 14, 0.228587
92, 15, 0.221614
93, 16, 0.237902
94, 17, 0.248979
95, 18, 0.260808
96, 19, 0.291574
97, 20, 0.291469
98, 21, 0.306147
99, 22, 0.338391
100, 23, 0.327000
101, 24, 0.352137
102, 24, 0.353065
103, 25, 0.364878
104, 26, 0.378033
105, 27, 0.394201
106, 28, 0.399822
107, 29, 0.420959
108, 30, 0.428715
109, 31, 0.426199
110, 32, 0.438682
111, 33, 0.446066
112, 34, 0.471515
113, 35, 0.482054
114, 35, 0.489999
115, 36, 0.493287
116, 37, 0.504847
117, 38, 0.530868
118, 39, 0.703476
119, 40, 0.614248
120, 41, 0.603054
121, 42, 0.587089
122, 43, 0.782687
123, 44, 0.604016
124, 45, 0.619759
125, 46, 0.623207
126, 46, 0.634256
127, 47, 0.662039
128, 48, 0.661541
129, 49, 0.683852
130, 11, 1.349062
131, 12, 0.181377
132, 13, 0.188489
133, 14, 0.206373
134, 15, 0.217867
135, 16, 0.229535
136, 17, 0.237157
137, 18, 0.247492
138, 19, 0.261298
139, 20, 0.277615
140, 21, 0.292404
141, 22, 0.310789
142, 23, 0.321719
143, 24, 0.346131
144, 25, 0.362147
145, 26, 0.370612
146, 27, 0.377280
147, 28, 0.383680
148, 29, 0.391334
149, 30, 0.410013
150, 31, 0.432546
151, 32, 0.441796
152, 33, 0.454245
153, 34, 0.469816
154, 35, 0.477702
155, 36, 0.513135
156, 37, 0.533064
157, 38, 0.531715
158, 39, 0.534277
159, 40, 0.575091
160, 41, 0.654781
161, 42, 0.751567
162, 43, 0.635635
163, 44, 0.624558
164, 45, 0.668022
165, 45, 0.634978
166, 46, 0.652093
167, 47, 0.694696
168, 48, 0.672486
169, 49, 0.696491
170, 11, 1.231165
171, 12, 0.175407
172, 13, 0.199174
173, 14, 0.207086
174, 15, 0.223786
175, 16, 0.230226
176, 17, 0.244003
177, 18, 0.260804
178, 19, 0.274199
179, 20, 0.285549
180, 21, 0.297055
181, 22, 0.314692
182, 23, 0.324679
183, 24, 0.342572
184, 25, 0.376914
185, 26, 0.371576
186, 27, 0.385865
187, 28, 0.395617
188, 29, 0.411426
189, 30, 0.420140
190, 31, 0.426295
191, 32, 0.448649
192, 33, 0.450124
193, 34, 0.477679
194, 35, 0.490716
195, 36, 0.521658
196, 37, 0.519571
197, 38, 0.536220
198, 39, 0.544570
199, 40, 0.734137
200, 41, 0.593496
201, 42, 0.586095
202, 42, 0.583922
203, 43, 0.596722
204, 43, 0.592717
205, 43, 0.592271
206, 42, 0.612381
207, 41, 0.575778
208, 42, 0.566478
209, 43, 0.582251
210, 44, 0.596108
211, 45, 0.607624
212, 46, 0.635851
213, 47, 0.643921
214, 48, 0.657256
215, 48, 0.673286
216, 49, 0.665042
217, 11, 1.300060
218, 12, 0.183393
219, 13, 0.192736
220, 14, 0.201980
221, 15, 0.213855
222, 16, 0.233180
223, 17, 0.238045
224, 18, 0.252993
225, 19, 0.272226
226, 20, 0.286367
227, 21, 0.293146
228, 22, 0.305147
229, 22, 0.318176
230, 23, 0.319099
231, 24, 0.336874
232, 25, 0.354186
233, 26, 0.361363
234, 27, 0.374981
235, 28, 0.385628
236, 29, 0.403351
237, 30, 0.409996
238, 31, 0.425253
239, 32, 0.448554
240, 33, 0.470701
241, 34, 0.478288
242, 35, 0.498687
243, 36, 0.487083
244, 37, 0.498498
245, 38, 0.541821
246, 39, 0.548904
247, 40, 0.554715
248, 41, 0.610001
249, 42, 0.586102
250, 43, 0.599630
251, 44, 0.619164
252, 45, 0.623029
253, 45, 0.617245
254, 45, 0.635156
255, 45, 0.632517
256, 46, 0.624930
257, 47, 0.664940
258, 48, 0.731883
259, 48, 0.677035
260, 49, 0.690868
261, 11, 1.226089
262, 12, 0.218251
263, 13, 0.191049
264, 14, 0.208988
265, 15, 0.215183
266, 16, 0.224348
267, 17, 0.243681
268, 18, 0.264502
269, 19, 0.271727
270, 20, 0.285044
271, 21, 0.307704
272, 22, 0.301690
273, 23, 0.315409
274, 24, 0.341120
275, 25, 0.348964
276, 26, 0.373367
277, 27, 0.395087
278, 28, 0.386494
279, 29, 0.409984
280, 30, 0.426007
281, 31, 0.429232
282, 32, 0.441687
283, 33, 0.462777
284, 34, 0.486928
285, 35, 0.486584
286, 36, 0.498252
287, 37, 0.556511
288, 38, 0.716634
289, 39, 0.543055
290, 40, 0.582801
291, 41, 0.567860
292, 42, 0.633404
293, 43, 0.603719
294, 44, 0.602259
295, 45, 0.622085
296, 46, 0.695195
297, 47, 0.825879
298, 48, 0.832927
299, 49, 0.701287
300, 11, 1.442405
301, 12, 0.179231
302, 13, 0.194259
303, 14, 0.201342
304, 15, 0.225292
305, 15, 0.236265
306, 16, 0.236203
307, 17, 0.240560
308, 18, 0.257097
309, 19, 0.277302
310, 20, 0.283408
311, 21, 0.289107
312, 22, 0.306760
313, 23, 0.328646
314, 24, 0.338124
315, 25, 0.364684
316, 26, 0.366505
317, 27, 0.380949
318, 28, 0.407369
319, 29, 0.407144
320, 30, 0.423754
321, 31, 0.433511
322, 32, 0.456689
323, 33, 0.463514
324, 34, 0.477287
325, 35, 0.489576
326, 36, 0.504920
327, 37, 0.528681
328, 38, 0.531522
329, 39, 0.546522
330, 40, 0.545369
331, 41, 0.574952
332, 42, 0.576327
333, 43, 0.590586
334, 44, 0.627285
335, 45, 0.651619
336, 46, 0.655594
337, 47, 0.664371
338, 48, 0.674492
339, 49, 0.677126
340, 11, 1.317172
341, 12, 0.178320
342, 13, 0.200861
343, 14, 0.206191
344, 15, 0.216851
345, 16, 0.260522
346, 17, 0.277731
347, 18, 0.265889
348, 19, 0.286321
349, 20, 0.293213
350, 21, 0.303808
351, 22, 0.317933
352, 23, 0.335941
353, 24, 0.352080
354, 25, 0.369157
355, 26, 0.380827
356, 27, 0.386273
357, 28, 0.403729
358, 29, 0.415182
359, 30, 0.423615
360, 31, 0.436724
361, 32, 0.452247
362, 33, 0.478009
363, 34, 0.478343
364, 35, 0.493957
365, 36, 0.518999
366, 37, 0.545764
367, 38, 0.549385
368, 39, 0.578020
369, 40, 0.574382
370, 40, 0.570593
371, 41, 0.591568
372, 42, 0.606484
373, 43, 0.624275
374, 44, 0.636170
375, 45, 0.652957
376, 46, 0.681503
377, 47, 0.684808
378, 48, 0.684006
379, 49, 0.702134
380, 11, 1.279196
381, 12, 0.187271
382, 13, 0.199931
383, 14, 0.204151
384, 15, 0.220966
385, 16, 0.237967
386, 17, 0.383886
387, 18, 0.272759
388, 19, 0.335716
389, 20, 0.292298
390, 21, 0.305380
391, 22, 0.327313
392, 23, 0.345374
393, 24, 0.352434
394, 25, 0.364100
395, 26, 0.377495
396, 27, 0.391088
397, 28, 0.409181
398, 29, 0.418913
399, 30, 0.447179
400, 31, 0.465616
401, 32, 0.480319
402, 32, 0.475613
403, 33, 0.482880
404, 34, 0.497285
405, 35, 0.506836
406, 36, 0.528708
407, 37, 0.552154
408, 38, 0.642990
409, 39, 0.702761
410, 40, 0.731984
411, 41, 0.751435
412, 42, 0.761660
413, 43, 0.798515
414, 44, 0.854578
415, 45, 0.657905
416, 46, 0.663871
417, 47, 0.681153
418, 48, 0.692750
419, 49, 0.706103
420, 11, 1.324274
421, 12, 0.185111
422, 13, 0.198165
423, 14, 0.211900
424, 15, 0.229095
425, 16, 0.244352
426, 17, 0.260147
427, 18, 0.270010
428, 19, 0.283943
429, 20, 0.305169
430, 21, 0.309448
431, 22, 0.320942
432, 23, 0.346356
433, 23, 0.355217
434, 24, 0.353368
435, 25, 0.383698
436, 26, 0.405343
437, 27, 0.399025
438, 28, 0.406520
439, 29, 0.413121
440, 30, 0.437898
441, 31, 0.452079
442, 32, 0.493105
443, 33, 0.486786
444, 34, 0.506044
445, 35, 0.512013
446, 36, 0.526680
447, 37, 0.550201
448, 38, 0.570951
449, 39, 0.573523
450, 40, 0.583886
451, 41, 0.592732
452, 42, 0.606046
453, 43, 0.625799
454, 44, 0.650393
455, 45, 0.661531
456, 46, 0.673867
457, 47, 0.695354
458, 48, 0.800286
459, 49, 0.802979
460, 11, 1.348861
461, 12, 0.193687
462, 13, 0.220056
463, 14, 0.210630
464, 15, 0.226151
465, 16, 0.239718
466, 17, 0.249144
467, 18, 0.258830
468, 19, 0.274181
469, 20, 0.287152
470, 21, 0.306882
471, 22, 0.323525
472, 23, 0.338563
473, 24, 0.351306
474, 25, 0.355472
475, 26, 0.372439
476, 27, 0.387376
477, 28, 0.404006
478, 29, 0.422492
479, 30, 0.434479
480, 31, 0.447798
481, 32, 0.462632
482, 33, 0.481900
483, 34, 0.501156
484, 35, 0.511626
485, 36, 0.533556
486, 37, 0.558893
487, 38, 0.553958
488, 39, 0.641543
489, 40, 0.710101
490, 41, 0.735898
491, 42, 0.794946
492, 43, 0.615805
493, 44, 0.628925
494, 45, 0.642004
495, 46, 0.674131
496, 47, 0.693572
497, 48, 0.702097
498, 49, 0.739795
499, 11, 1.346946
500, 12, 0.184678
2, 2, 0.084548
3, 3, 0.131346
4, 4, 0.198213
5, 5, 0.122595
6, 6, 0.109245
7, 7, 0.097417
8, 8, 0.112137
9, 9, 0.122023
10, 10, 0.134013
11, 11, 0.145540
12, 12, 0.168238
13, 13, 0.237495
14, 14, 0.185302
15, 12, 0.198255
16, 11, 0.169892
17, 11, 0.158269
18, 9, 0.160358
19, 10, 0.266229
20, 11, 0.172019
21, 12, 0.169331
22, 13, 0.184418
23, 13, 0.187693
24, 14, 0.191231
25, 15, 0.211032
26, 16, 0.222505
27, 17, 0.230791
28, 18, 0.256302
29, 19, 0.252626
30, 20, 0.276056
31, 21, 0.280581
32, 22, 0.303620
33, 23, 0.314746
34, 24, 0.334953
35, 25, 0.336768
36, 25, 0.350901
37, 25, 0.360213
38, 26, 0.415353
39, 27, 0.417068
40, 28, 0.384537
41, 27, 0.380194
42, 28, 0.394097
43, 27, 0.389314
44, 28, 0.380899
45, 27, 0.403265
46, 28, 0.392444
47, 26, 0.382903
48, 27, 0.369387
49, 27, 0.375342
50, 28, 0.384434
51, 26, 0.377104
52, 26, 0.363951
53, 27, 0.393600
54, 28, 0.407837
55, 29, 0.399670
56, 30, 0.415884
57, 31, 0.489473
58, 30, 0.465384
59, 31, 0.541613
60, 32, 0.442903
61, 33, 0.453536
62, 34, 0.531446
63, 35, 0.552661
64, 36, 0.674689
65, 37, 0.505771
66, 38, 0.532983
67, 39, 0.523914
68, 40, 0.539866
69, 41, 0.561205
70, 42, 0.565171
71, 43, 0.576351
72, 44, 0.587904
73, 45, 0.603225
74, 46, 0.623242
75, 47, 0.636157
76, 48, 0.678477
77, 49, 0.667065
78, 11, 1.392896
79, 12, 0.179217
80, 13, 0.214524
81, 14, 0.212777
82, 15, 0.213385
83, 16, 0.237931
84, 17, 0.236884
85, 18, 0.251309
86, 19, 0.266011
87, 20, 0.315690
88, 21, 0.299344
89, 22, 0.307614
90, 23, 0.319300
91, 24, 0.332993
92, 25, 0.350216
93, 26, 0.378971
94, 27, 0.381771
95, 28, 0.401385
96, 29, 0.495734
97, 30, 0.493762
98, 31, 0.433683
99, 32, 0.498772
100, 33, 0.481609
101, 34, 0.485043
102, 35, 0.510074
103, 36, 0.540826
104, 37, 0.518667
105, 38, 0.540421
106, 39, 0.548134
107, 40, 0.566775
108, 41, 0.651920
109, 42, 0.664107
110, 43, 0.591163
111, 44, 0.629272
112, 45, 0.667048
113, 46, 0.705670
114, 47, 0.736757
115, 48, 0.795011
116, 49, 0.712043
117, 11, 1.259376
118, 12, 0.179511
119, 13, 0.182868
120, 14, 0.209631
121, 15, 0.223374
122, 16, 0.224521
123, 17, 0.245824
124, 18, 0.246786
125, 19, 0.267552
126, 20, 0.290130
127, 21, 0.285959
128, 22, 0.323339
129, 23, 0.327190
130, 24, 0.361171
131, 25, 0.366089
132, 26, 0.360916
133, 27, 0.376237
134, 28, 0.393592
135, 29, 0.401839
136, 30, 0.415305
137, 31, 0.436584
138, 32, 0.453829
139, 33, 0.454183
140, 34, 0.473660
141, 35, 0.542328
142, 36, 0.627082
143, 37, 0.502866
144, 38, 0.599527
145, 39, 0.623546
146, 40, 0.673200
147, 41, 0.562388
148, 42, 0.598684
149, 43, 0.610632
150, 44, 0.611883
151, 45, 0.637209
152, 46, 0.647060
153, 47, 0.674749
154, 48, 0.689433
155, 49, 0.685588
156, 11, 1.243873
157, 12, 0.188994
158, 13, 0.206651
159, 14, 0.207141
160, 15, 0.217866
161, 16, 0.233459
162, 11, 0.220735
163, 10, 0.165674
164, 10, 0.159006
165, 11, 0.162741
166, 12, 0.179244
167, 13, 0.197076
168, 14, 0.202804
169, 15, 0.220762
170, 16, 0.233815
171, 17, 0.253047
172, 18, 0.263995
173, 19, 0.278915
174, 20, 0.295236
175, 21, 0.362879
176, 22, 0.312946
177, 22, 0.335069
178, 23, 0.329456
179, 24, 0.489380
180, 25, 0.370112
181, 26, 0.519143
182, 26, 0.409918
183, 27, 0.419980
184, 27, 0.408240
185, 28, 0.407810
186, 29, 0.430685
187, 30, 0.421721
188, 30, 0.477472
189, 31, 0.452044
190, 32, 0.457039
191, 32, 0.469875
192, 33, 0.478382
193, 34, 0.616824
194, 34, 0.504814
195, 35, 0.486537
196, 36, 0.493278
197, 36, 0.506590
198, 37, 0.520671
199, 37, 0.530261
200, 38, 0.542767
201, 39, 0.536119
202, 39, 0.541829
203, 39, 0.543344
204, 39, 0.562031
205, 40, 0.562433
206, 41, 0.570004
207, 42, 0.603683
208, 43, 0.618743
209, 44, 0.629504
210, 45, 0.654563
211, 46, 0.655130
212, 46, 0.639559
213, 47, 0.653286
214, 47, 0.664681
215, 47, 0.675515
216, 48, 0.830945
217, 49, 0.709883
218, 11, 1.590949
219, 12, 0.181074
220, 13, 0.186511
221, 14, 0.202400
222, 15, 0.210359
223, 16, 0.234932
224, 17, 0.237056
225, 18, 0.259260
226, 19, 0.274383
227, 20, 0.306260
228, 21, 0.310069
229, 22, 0.310789
230, 23, 0.334285
231, 24, 0.337427
232, 25, 0.364903
233, 26, 0.373304
234, 27, 0.403407
235, 28, 0.414368
236, 29, 0.407764
237, 30, 0.426636
238, 31, 0.430656
239, 32, 0.439795
240, 33, 0.472787
241, 34, 0.490012
242, 35, 0.504906
243, 36, 0.505925
244, 37, 0.532926
245, 38, 0.541640
246, 39, 0.548460
247, 40, 0.559816
248, 41, 0.611071
249, 42, 0.618557
250, 43, 0.754713
251, 44, 0.625058
252, 45, 0.672448
253, 45, 0.646068
254, 46, 0.673851
255, 47, 0.655911
256, 48, 0.661250
257, 48, 0.683628
258, 49, 0.691595
259, 11, 1.259809
260, 12, 0.188715
261, 13, 0.195091
262, 14, 0.275694
263, 15, 0.269017
264, 16, 0.369617
265, 17, 0.402056
266, 18, 0.413312
267, 19, 0.453329
268, 20, 0.291217
269, 21, 0.321893
270, 22, 0.379971
271, 23, 0.389499
272, 24, 0.388063
273, 25, 0.366842
274, 26, 0.433399
275, 27, 0.504929
276, 28, 0.458196
277, 29, 0.546642
278, 30, 0.428627
279, 31, 0.437306
280, 32, 0.444348
281, 33, 0.460569
282, 34, 0.633567
283, 35, 0.506125
284, 36, 0.535618
285, 37, 0.559718
286, 38, 0.543193
287, 39, 0.539541
288, 40, 0.543615
289, 41, 0.576075
290, 42, 0.596946
291, 43, 0.603159
292, 44, 0.631700
293, 45, 0.623549
294, 46, 0.650346
295, 47, 0.665764
296, 48, 0.678050
297, 49, 0.683488
298, 11, 1.648828
299, 12, 0.211567
300, 13, 0.189874
301, 14, 0.209445
302, 15, 0.221921
303, 16, 0.234551
304, 17, 0.251141
305, 18, 0.256708
306, 19, 0.283110
307, 20, 0.293112
308, 21, 0.318625
309, 22, 0.318300
310, 23, 0.325926
311, 24, 0.335817
312, 25, 0.359770
313, 26, 0.589588
314, 27, 0.914802
315, 28, 0.593552
316, 29, 0.424056
317, 30, 0.456987
318, 31, 0.435097
319, 32, 0.468037
320, 33, 0.461800
321, 34, 0.483783
322, 35, 0.528832
323, 36, 0.668219
324, 37, 0.536955
325, 38, 0.548416
326, 39, 0.567591
327, 40, 0.571295
328, 41, 0.579735
329, 42, 0.607529
330, 43, 0.636163
331, 44, 0.645072
332, 45, 0.664799
333, 46, 0.672682
334, 47, 0.664953
335, 47, 0.685268
336, 48, 0.688689
337, 48, 0.684432
338, 49, 0.708165
339, 11, 1.317080
340, 12, 0.181435
341, 13, 0.195640
342, 14, 0.206901
343, 15, 0.218831
344, 15, 0.227818
345, 16, 0.233457
346, 17, 0.252724
347, 18, 0.312066
348, 19, 0.375106
349, 20, 0.302485
350, 21, 0.310524
351, 22, 0.336677
352, 23, 0.390730
353, 24, 0.352177
354, 25, 0.494333
355, 26, 0.392320
356, 27, 0.407208
357, 28, 0.399332
358, 29, 0.423597
359, 30, 0.439826
360, 31, 0.435786
361, 32, 0.448762
362, 33, 0.466316
363, 33, 0.484661
364, 34, 0.490882
365, 35, 0.493223
366, 36, 0.516643
367, 37, 0.531645
368, 38, 0.533333
369, 39, 0.561256
370, 40, 0.596125
371, 41, 0.604883
372, 42, 0.600860
373, 43, 0.615365
374, 44, 0.637355
375, 45, 0.662426
376, 46, 0.644702
377, 47, 0.660021
378, 48, 0.681285
379, 49, 0.924883
380, 11, 1.483027
381, 12, 0.199134
382, 13, 0.193567
383, 14, 0.232980
384, 15, 0.338737
385, 16, 0.319352
386, 16, 0.269768
387, 17, 0.260651
388, 18, 0.258243
389, 19, 0.288951
390, 20, 0.299812
391, 21, 0.466699
392, 22, 0.502891
393, 23, 0.402381
394, 24, 0.417230
395, 25, 0.474237
396, 26, 0.551492
397, 27, 0.360808
398, 28, 0.366656
399, 29, 0.385157
400, 30, 0.397372
401, 31, 0.417663
402, 32, 0.417648
403, 33, 0.431480
404, 34, 0.460083
405, 35, 0.460557
406, 36, 0.483679
407, 37, 0.493031
408, 38, 0.494374
409, 39, 0.520833
410, 40, 0.526030
411, 41, 0.538687
412, 42, 0.636099
413, 43, 0.632481
414, 44, 0.661231
415, 45, 0.682326
416, 46, 0.625882
417, 47, 0.615565
418, 48, 0.728960
419, 49, 0.675245
420, 11, 1.139005
421, 12, 0.171117
422, 13, 0.181145
423, 14, 0.194981
424, 15, 0.211490
425, 16, 0.222426
426, 17, 0.231149
427, 18, 0.244556
428, 19, 0.252001
429, 20, 0.267589
430, 21, 0.282342
431, 22, 0.292320
432, 23, 0.347493
433, 24, 0.321453
434, 25, 0.343591
435, 26, 0.349514
436, 27, 0.356402
437, 28, 0.370573
438, 29, 0.385202
439, 29, 0.402175
440, 30, 0.403537
441, 31, 0.418381
442, 32, 0.425759
443, 33, 0.436243
444, 34, 0.452550
445, 35, 0.482620
446, 36, 0.475297
447, 37, 0.489334
448, 38, 0.520887
449, 39, 0.534398
450, 40, 0.538433
451, 41, 0.636116
452, 42, 0.565789
453, 42, 0.602443
454, 43, 0.579242
455, 44, 0.582152
456, 45, 0.601181
457, 46, 0.618171
458, 47, 0.642256
459, 48, 0.658882
460, 49, 0.652143
461, 11, 1.267168
462, 12, 0.171114
463, 13, 0.185321
464, 14, 0.194569
465, 15, 0.205845
466, 16, 0.215128
467, 17, 0.230555
468, 18, 0.241845
469, 19, 0.262214
470, 20, 0.281695
471, 21, 0.286117
472, 22, 0.291970
473, 23, 0.316334
474, 24, 0.324856
475, 25, 0.343527
476, 26, 0.351467
477, 27, 0.363620
478, 28, 0.373896
479, 29, 0.389902
480, 30, 0.402455
481, 31, 0.416759
482, 32, 0.429717
483, 33, 0.453588
484, 34, 0.465922
485, 35, 0.469723
486, 36, 0.480980
487, 37, 0.493981
488, 38, 0.543500
489, 39, 0.532988
490, 40, 0.549090
491, 41, 0.570654
492, 42, 0.575073
493, 43, 0.764891
494, 44, 0.614495
495, 45, 0.589948
496, 46, 0.622095
497, 47, 0.698883
498, 48, 0.657473
499, 49, 0.671364
500, 11, 1.229663
